matchref{1}.id = '11'
matchref{1}.CPMG = [145 132; 145 132; 145 132; 145 132; 145 132];
matchref{1}.DTI = [145 131; 145 131; 145 131; 145 131; 145 131];
matchref{1}.flipdir = 'ud';

matchref{2}.id = '16'
matchref{2}.CPMG = [123 117; 131 100; 131 101; 130 102; 130 103];
matchref{2}.DTI = [123 116; 131 99; 131 100; 130 101; 130 102];
matchref{2}.flipdir = 'ud';

matchref{3}.id = '18'
matchref{3}.CPMG = [124 137; 128 149; 143 143; 138 160; 138 160];
matchref{3}.DTI = [124 137; 128 149; 143 143; 138 160; 138 160];
matchref{3}.flipdir = 'lr';

matchref{4}.id = '20'
matchref{4}.CPMG = [111 146; 138 160; 121 144; 122 145; 122 145];
matchref{4}.DTI = [111 146; 137 160; 121 144; 122 145; 122 145];
matchref{4}.flipdir = 'lr';

matchref{5}.id = '36'
matchref{5}.CPMG = [151 151; 130 152; 143 158; 143 158; 126 132];
matchref{5}.DTI = [152 151; 130 152; 142 158; 143 158; 126 132];
matchref{5}.flipdir = 'lr';

matchref{6}.id = '39'
matchref{6}.CPMG = [44 144; 43 136; 25 150; 29 136; 38 138];
matchref{6}.DTI = [106 144; 104 136; 85 150; 90 136; 100 138];
matchref{6}.flipdir = 'lr';

matchref{7}.id = '41'
matchref{7}.CPMG = [131 135; 131 135; 199 137; 227 132; 101 133];
matchref{7}.DTI = [118 141; 118 142; 78 137; 77 137; 88 136];
matchref{7}.flipdir = 'lr';

matchref{8}.id = '51'
matchref{8}.CPMG = [147 149; 147 148; 131 146; 133 143; 140 154];
matchref{8}.DTI = [147 149; 147 148; 131 146; 133 143; 140 154];
matchref{8}.flipdir = 'lr';

matchref{9}.id = '54'
matchref{9}.CPMG = [143 136; 143 135; 143 144; 145 133; 145 133];
matchref{9}.DTI = [145 128; 145 128; 144 140; 145 129; 145 130];
matchref{9}.flipdir = 'lr';

matchref{10}.id = '55'
matchref{10}.CPMG = [92 126; 92 126; 92 126; 92 126; 92 126];
matchref{10}.DTI = [91 124; 91 126; 91 126; 91 126; 91 126];
matchref{10}.flipdir = 'lr';

matchref{11}.id = '56'
matchref{11}.CPMG = [123 133; 123 133; 123 133; 150 132; 150 132];
matchref{11}.DTI = [123 133; 123 133; 123 133; 150 132; 150 132];
matchref{11}.flipdir = 'lr';

matchref{12}.id = '58'
matchref{12}.CPMG = [84 140; 89 132; 84 138; 95 138; 87 132];
matchref{12}.DTI = [83 140; 88 132; 83 138; 94 138; 86 132];
matchref{12}.flipdir = 'lr';

matchref{13}.id = '61'
matchref{13}.CPMG = [130 139; 130 139; 123 121; 124 120; 129 139];
matchref{13}.DTI =  [129 139; 129 139; 122 121; 123 120; 128 137];
matchref{13}.flipdir = 'lr';

matchref{14}.id = '62'
matchref{14}.CPMG = [74 156; 74 156; 77 132; 87 140; 68 129];
matchref{14}.DTI =  [129 139; 129 139; 131 116; 142 124; 123 113];
matchref{14}.flipdir = 'lr';

save SKP-CPMGDTImatch matchref